# KAMERA HQ

[DEFAULT]

LAT:54.494768
LON:11.240722
HEIGHT:2
UTCOFFSET:+1

