# KAMERA SOUTH

[DEFAULT]

LAT:54.48490
LON:11.24369
HEIGHT:2.45
UTCOFFSET:+1
