# CEILOMETER

[DEFAULT]

LAT:54.494862
LON:11.240228
HEIGHT:2
UTCOFFSET:+1