# CEILOMETER

[DEFAULT]

LAT:54.49483
LON:11.24026
HEIGHT:2
UTCOFFSET:+1